return {
    2727067538,
    2978693500,
    2978696440,
    3165900886,
    3383444582,
    3383445453,
    3885726701,
    3994953548,
    4050468028,
    4310463616,
    4310463940,
    4310464656,
    4310476380,
    4310478830,
    4310785330,
    4465987684,
    4465988196,
    4465989351,
    4465989998,
    4526768266,
    4526768588,
    4617426261,
    4646472003,
    4646473427,
    4646475342,
    4646475570,
    4714136227,
    5703353651,
    5703355191,
    5862275930,
    5862277651,
    6075083204,
    6075085184,
    6386112652,
    6510862058,
    6510868181,
    6847034886,
    6847035264,
    7071564842,
    7450070300,
    7499964980,
    9944262922,
    9944263348,
    10014664329,
    10089970465,
    10651517727,
    10651527284,
    10727165164,
    10795158121,
    11466514043,
    11533444995,
    11644048314,
}
